0 Ali*alizadeh 09303033030 0
1 Reza*Dehghani 09155155151 2.34e+06
2 Tataloo 09134567852 1.056e+06
3 Tataloo 09134567852 2.4e+06
4 Ali*alizadeh 09303033030 305659
5 Reza*Dehghani 09155155151 8.3094e+09
6 Reza*Dehghani 09155155151 6.78684e+08
7 Ali*alizadeh 09303033030 2.6513e+10
8 Reza*Dehghani 09155155151 3.03281e+08
9 Reza*Dehghani 09155155151 11880
10 Ali*alizadeh 09303033030 6.53601e+08
11 Ali*alizadeh 09303033030 4.95152e+08
12 Ali*alizadeh 09303033030 80
13 reza*dehghani 09155155151 1.0725e+07
